3428744257814528
3526472700985344
3526472700248064
3526472700493824
3526472700690432
3526472700133376
3527928403591168
3527928404533248
3527928404721664
3527928403722240
3527928405090304
3527928404967424
3527928405581824
3527928405762048
3527928404467712
3527928405516288
3527928404164608
3527928403853312
3527928404221952
3527928404041728
3527928403525632
3527928404099072
3527928405704704
3527928404779008
3527928405827584
3527928404410368
3527928405213184
3527928405393408
3527928405270528
3527928403779584
3527928403918848
3527928405024768
3527928405458944
3528956279717888
3528956280184832
3528956279775232
3528298685448192
3528298685685760
3528298685218816
3528298685980672
3528298685571072
3528298685161472
3528298685923328
3528298685333504
3528298685095936
3528298685865984
3528298685513728
3528298684981248
3528298684760064
3528298685276160
3528298685038592
3528298684923904
3528298684866560
3528298685743104
3528298685808640
3527984693125120
3527984694222848
3527984694042624
3527984693190656
3527984693362688
3527984693485568
3527984694583296
3527984693977088
3527984694280192
3527984695427072
3527984693608448
3527984694157312
3527984692871168
3527984695369728
3527984695189504
3527984693673984
3527984694403072
3527984693010432
3527984694943744
3527984695246848
3527984693731328
3527984695123968
3527984694820864
3527984693305344
3527984693854208
3527984694525952
3527984693067776
3527984694460416
3527984694878208
3527984693796864
3527984692953088
3527984695066624
3527984694706176
3527984693248000
3527984694640640
3527984694099968
3527984695304192
3527928404344832
3527928404287488
3527928405884928
3529312722673664
3529312724500480
3529312723550208
3529312723255296
3529312724615168
3529312723025920
3529302642933760
3529302641762304
3529302642638848
3529302642229248
3529302642106368
3529302642049024
3529302642163712
3529302641819648
3529302641639424
3529302642401280
3529302642753536
3529302642696192
3529302642819072
3529302642999296
3529302642466816
3531823701950464
3531823701016576
3531823702630400
3531823703932928
3531823702204416
3531823703842816
3531823703113728
3531823703040000
3531823701303296
3531823702130688
3531823701753856
3531823703629824
3531823702704128
3531823702458368
3531823702966272
3537609414672384
3537609414795264
3537609413181440
3537609414737920
3537609414246400
3537609413246976
3537609414303744
3537584828121088
3537584828874752
3537584828751872
3537584827736064
3537584827604992
3537584828375040
3537584827801600
3537584827932672
3537491866370048
3537491867115520
3538185787269120
3538185789988864
3538185789087744
3538185787752448
3539331033522176
3539331035684864
3538185789530112
3538185789857792
3538185787695104
3538185789661184
3538185788047360
3538185787629568
3538185789726720
3538185787367424
3538185787555840
3537834030809088
3537834029727744
3550255392841728
3550255393611776
3550255394209792
3550259740106752
3550259740860416
3550259740917760
3550259739721728
3550259740164096
3550259740549120
3547580533088256
3547580531843072
3547580532768768
3547580532039680
3547580531974144
3547580531654656
3547580531712000
3547580532301824
3547580533686272
3547580532490240
3547580531900416
3547580533219328
3547580532236288
3547580532367360
3545616085729280
3545616086179840
3545616087089152
3545616087023616
3545616087146496
3545598978752512
3545598978686976
3545558147588096
3545558146220032
3545558147530752
3545558145990656
3545558147284992
3545558146588672
3545558147407872
3545558146826240
3545558147465216
3545558147645440
3545558147014656
3545558146342912
3540974781906944
3540974781407232
3540974781849600
3539331034914816
3539331033710592
3551343175630848
3551343174172672
3551343174926336
3551343177236480
3551343176155136
3551343174418432
3551343174549504
3551343176237056
3551343174991872
3551343176646656
3551343175557120
3551343175057408
3550476450316288
3550476450816000
3550476449873920
3550476449751040
3550476450250752
3550476450938880
3550467716227072
3550291340058624
3550291339608064
3550291338952704
3550291339542528
3550291340517376
3550291340386304
3550291338764288
3550291340255232
3550291339419648
3550291338436608
3550291340836864
3550291339149312
3550291338510336
3550291339288576
3550291340124160
3550285977116672
3550285976305664
3550285976993792
3550285976436736
3550285977182208
3550285978460160
3550285977255936
3550285977763840
3550285978337280
3550285976633344
3550285978206208
3550285976150016
3550285977886720
3550285978402816
3550285976780800
3550277263548416
3550277262942208
3550277263843328
3550277262802944
3550277263130624
3550277264056320
3550268492316672
3550268491120640
3550268491554816
3550268492439552
3550268492759040
3550268493012992
3550268491997184
3550268491743232
3550268492505088
3550268492824576
3550268491612160
3550268490874880
3550268493070336
3550268491866112
3550268491931648
3550268490809344
3550268491186176
3550268492185600
3550248242077696
3550248242290688
3550248242552832
3550248241577984
3550248242749440
3550248242012160
3550248241512448
3550248242814976
3550248241332224
3550248242880512
3550248241266688
3550248242143232
3550248242618368
3550248241168384
3550248241864704
3550248241643520
3550248241790976
3550248242683904
3550248242225152
3550248242487296
3550248241438720
3550248241700864
3550248241938432
3550255392907264
3550255393996800
3550255393046528
3550255392612352
3550255394136064
3550255392964608
3550255393103872
3550255393169408
3550255393742848
3550255393677312
3550255393292288
3550255394070528
3550255392718848
3554139118223360
3554139118338048
3554139118280704
3554139117969408
3554139118403584
3554139117871104
3554139118034944
3554121793888256
3554121794789376
3554116577148928
3554116577222656
3554116577288192
3554116577026048
3554126875082752
3554126874894336
3554116576894976
3554126874828800
3554121793994752
3554126875140096
3554121794052096
3554126874951680
3554126875205632
3554126875017216
3554126874542080
3554121794420736
3554126874705920
3554116576690176
3554121794174976
3554116576821248
3554121794355200
3554121794232320
3554116577091584
3554116576559104
3554111359893504
3554111360344064
3554111360016384
3554111359754240
3554111360147456
3554116576624640
3554116576493568
3554116576411648
3554105144328192
3554105144197120
3554105143631872
3554105144131584
3554105143762944
3554105144066048
3554105144262656
3554105143508992
3554105143574528
3554105144008704
3554105143820288
1566359530840064
1566359441489920
1566360713928704
1566359531962368
1566359441473536
3553786610032640
3553786610483200
3553786610163712
3553786609975296
3553786610286592
3553786611056640
3553786610614272
3553786610933760
3553786610098176
3553786608640000
3553786610229248
3553786610352128
3553786609590272
3553786610999296
3553786608508928
3553046417178624
3553046417629184
3553046418628608
3553046418440192
3553046418874368
3553046416736256
3553046417752064
3553046418685952
3553046416482304
3553046418194432
3553046418251776
3553046417883136
3553046417113088
3553046419120128
3553046418505728
3553286931701760
3553286929506304
3553286929571840
3553286930612224
3553286929006592
3553286930972672
3553286931259392
3553286931136512
3553286930341888
3553286931955712
3553286930694144
3553286931578880
3553286928949248
3553286929694720
3553286930243584
3553286931070976
3553286930554880
3553286931832832
3553286929883136
3553286930833408
3553286929260544
3553286929760256
3553286929948672
3553286928629760
3553126908952576
3553126907576320
3553126908256256
3553126908452864
3553126907314176
3553126908518400
3554737646166016
3554737645731840
3554737646100480
3554737644265472
3554737643913216
3554737645223936
3554737646485504
3554737644724224
3554737646043136
3554737644535808
3554737645600768
3554737644601344
3554737645035520
3554737646551040
3554737646804992
3554737646223360
3554737645543424
3554737644912640
3554737644470272
3554737646870528
3554737645101056
3554737646993408
3554737644142592
3554737645355008
3554737645666304
3554737644019712
3554737645789184
3554737644658688
3554737644077056
3554131209486336
3554139118895104
3554139118649344
3554139118829568
3554139118952448
3554131210059776
3554126875525120
3554126875328512
3554126875656192
3554126875721728
3554121794666496
3554121794732032
3554121794478080
3554121794600960
3554139118460928
3554690748833792
3554690747351040
3554690748252160
3554690748465152
3554690748645376
3554690748579840
3554690748768256
3554690747539456
3554690748186624
3554690747924480
3554690749227008
3554690747990016
3554690749169664
3554690748047360
3554690747662336
3554690747277312
3554690747850752
3554690748112896
3554690747727872
3554690748702720
3554690747793408
3554690747015168
3554690746818560
3554690749030400
3554690747473920
3555209435176960
3555209435439104
3555209435308032
3555209434832896
3555209435037696
3555209434701824
3555209435111424
3555209434759168
3555209434963968
3555209434603520
3555209435242496
3555200634019840
3555200633872384
3555200634535936
3555200634339328
3555200634601472
3555200634281984
3555200634085376
3555200634216448
3555200634413056
3556908336619520
3556908337258496
3556908336898048
3556901503959040
3556901503770624
3556901504540672
3556901503614976
3556901504057344
3556901504630784
3556901504450560
3556901504352256
3556908337438720
3556908337807360
3556908337717248
3556908336988160
3556908336463872
3556901503868928
3556901504147456
3556896565641216
3556896565026816
3556896565551104
3556896566091776
3556896565821440
3556896565460992
3556896565911552
3556896565190656
3556896565370880
3556896566190080
3556896566001664
3556896565731328
3556896565280768
3556888637259776
3556888637071360
3556888637349888
3556888636981248
3556888636702720
3556888637808640
3556888637530112
3556888636473344
3555444403838976
3555444403953664
3555444404420608
3555444405256192
3555444404207616
3555444404043776
3555444404527104
3555444405116928
3555444404633600
3555444404772864
3555444403527680
3555444405444608
3555436939943936
3555436939370497
3555444404142080
3555444403740672
3555444404977664
3555436939124736
3555436939755520
3555436938985472
3555436939632640
3555436939886592
3555436939501568
3555436939067392
3555436939567104
3555436939247616
3555436939812864
3555436939436032
3555436939182080
3555429439381504
3555429439791104
3555429439733760
3555429439987712
3555429439922176
3555429440110592
3555429439479808
3555429439537152
3555429440241664
3555429440299008
3555429439668224
3555429439610880
3555421605265408
3555421605715968
3555421604716544
3555421605593088
3555414016770048
3555414016294912
3555414015827968
3555414016172032
3555414016360448
3555414015983616
3555414016696320
3555414016565248
3555414016237568
3555414016425984
3555414016630784
3555414016049152
3555414016106496
3555414015918080
3555375277318144
3555375277441024
3555375277776896
3555375277572096
3555375277694976
3555414016499712
3555375276769280
3555375277383680
3555375277506560
3555375277629440
3555375277195264
3555375277006848
3555375277072384
3555375276875776
3555375277260800
3555375276941312
3555359147360256
3555359146786816
3555359147237376
3555359147171840
3555359147048960
3555359147302912
3556956076703744
3556956077211648
3556956077326336
3556956077416448
3556956076244992
3556956077514752
3556956076433408
3556956076982272
3556956077080576
3556956076335104
3556956076081152
3556956076892160
3556956076613632
3556948117323776
3556948116299776
3556948117135360
3556948116578304
3556948117233664
3556948116766720
3556948116955136
3556948116856832
3556948116160512
3556948116389888
3556948117512192
3556948116668416
3556948117413888
3556948116480000
3556956076523520
3556948117045248
3556936063680512
3556936063492096
3556936063393792
3556936063967232
3556936063868928
3556928602497024
3556928601735168
3556928602398720
3556928603086848
3556928602595328
3556928602898432
3556928601890816
3556928602701824
3556928602103808
3556936063041536
3556928602988544
3556928601989120
3556928602292224
3556923341717504
3556923342077952
3556928602202112
3556928602791936
3556923343290368
3556923341971456
3556923342741504
3556923342487552
3556923342831616
3556923342381056
3556923342643200
3556923341848576
3556923343192064
3556923343101952
3556923342921728
3556923343011840
3558124546138112
3558124546424832
3558124546998272
3558124546334720
3560294290817024
3560294289580032
3560294289276928
3560294290661376
3560294291079168
3560294288883712
3560294289178624
3560294289375232
3560272327852032
3560294288982016
3560294290964480
3560294290104320
3560294289473536
3560294288752640
3560294289080320
3560294289678336
3560294290341888
3560294289784832
3560294290227200
3560294290472960
3560272328040448
3560272327663616
3560272327532544
3560272328515584
3560272328237056
3560272329375744
3560272328802304
3560272327753728
3560272328908800
3560272329097216
3560272329474048
3560272328712192
3560272327950336
3560272328998912
3560272329187328
3560272328425472
3560272328613888
3560272329285632
3560272328327168
3560272328138752
3560260376223744
3560260375642112
3560260374487040
3560260376690688
3560260377157632
3560260376969216
3560260374888448
3560260375543808
3560260375928832
3560260377067520
3560260376502272
3560260375437312
3560260376027136
3560260376879104
3560260376780800
3560260376313856
3560260374716416
3560260374618112
3560260376412160
3560260375838720
3560260376117248
3560260375281664
3560260375740416
3560304701915136
3560304702210048
3560464662372352
3560464663314432
3560464662282240
3560464662183936
3560464662847488
3560464661340160
3560464663511040
3560464662945792
3560464662560768
3560464661512192
3560464661987328
3560464662085632
3560464661700608
3560464661790720
3560464662659072
3560464662757376
3560850406367232
3560850405597184
3563171204980736
3563171205177344
3563163607441408
3563163607547904
3563163607719936
3563163608195072
3563163607334912
3563163608285184
3563163608383488
3563163607875584
3563163607990272
3563163608096768
3563163607195648
3563157917302784
3563183036628992
3565216118267904
3565216118169600
3565216118644736
3565216117981184
3565216118743040
3565216117686272
3565216118079488
3565216118554624
3563237948710912
3563237948153856
3563237948801024
3563237947834368
3563237948334080
3563237948899328
3563237948522496
3563237948620800
3563237948432384
3563237948055552
3563237948243968
3563237947965440
3563196443336704
3563196444442624
3563196443525120
3563196443869184
3563196444147712
3563196444049408
3563196444540928
3563196443672576
3563191820894208
3563191820402688
3563191820984320
3563191820189696
3563187320045568
3563187320348672
3563187319857152
3563187319947264
3563187320152064
3563183036014592
3617614073561088
3631155106168832
3617621170208768
3617621170847744
3617621171298304
3617621171118080
3617621171486720
3617621170487296
3617621170085888
3617621170667520
3617621171757056
3617621171027968
3617621171208192
3633114851287040
3633114849796096
3633114849894400
3633114850344960
3633121615454208
3633121616789504
3633121618083840
3632475670888448
3617653500485632
3617653498519552
3617653498331136
3617653500862464
3617653499699200
3617653498822656
3617653499019264
3617653498429440
3617653500092416
3617653499207680
3617653498724352
3617653499994112
3617653499797504
3617653500289024
3617660325724160
3617660327059456
3617660325068800
3617660324691968
3617660326010880
3617660326969344
3617660324601856
3617653498626048
3617653501157376
3617653498920960
3617660326305792
3617660325347328
3617653500379136
3617653499600896
1566360429166592
3631112091885568
3631112090198016
3631112090296320
3631112091975680
3631112091607040
3631112090722304
3631112091418624
3631112091787264
3631112091508736
3631112092065792
3631112090812416
3631112092262400
3631112091140096
3631112091230208
3631112092164096
3634527402590208
3634527402967040
3634527402795008
3634527402377216
3634527405080576
3634527403917312
3634527404728320
3634527402500096
3634527403827200
3634527403270144
3634527403556864
3634527405883392
3634527404638208
3634527404179456
3634527402885120
3634501912952832
3634501915262976
3634501907218432
3634501918203904
3634501912379392
3634501915164672
3634501919440896
3634501917622272
3634501913722880
3634501916844032
3634501917138944
3634501919244288
3634501915066368
3634501919154176
3634501914591232
3634826688913408
3634826689527808
3634826690822144
3634826688577536
3634826690363392
3634826689896448
3634826689437696
3634826689617920
3634826688823296
3634817703788544
3634817704026112
3634817702871040
3634817704771584
3634817704353792
3636702336057344
3636702336704512
3636667868659712
3636667869863936
3636667870240768
3636650857390080
3636650856783872
3636650857086976
3636650857291776
3636650857480192
3636650856497152
3636650856972288
3636650856366080
3636650857578496
3636650857775104
3636610999599104
3636610999795712
3636610999697408
3636611001417728
3636611000639488
3636611001008128
3636611000262656
3636611000827904
3636611000451072
3636611000352768
3636611001294848
3636610999500800
3636198126649344
3636198125043712
3636198126084096
3636102976372736
3636073281413120
3636073283395584
3636073282551808
3636073282084864
3636073282830336
3636073282928640
3636073283305472
3636073282740224
3636038877372416
3636038877003776
3636038878199808
3636038876463104
3636038876913664
3636174846279680
3636174846722048
3636174846910464
3636174846631936
3636174848524288
3637423889219584
3637423890186240
3636174849613824
3636174849515520
3636174847180800
3636174849335296
3637423890669568
3636174847377408
3636174848983040
3637423890579456
3636174848057344
3636174847746048
3636174848425984
3636174848892928
3636174847967232
3636174847557632
3636174847467520
3636174848704512
3636174848614400
3637423890784256
3636174846443520
3617668021346304
3617668021592064
3617668019527680
3617668019339264
3617668022198272
3617668021190656
3617668019249152
3617668020412416
3617668019830784
3617668018765824
3617668019920896
3617668019150848
3617668021886976
3617668018331648
3637358378319872
3637358378131456
3637358378778624
3637358378409984
3637358378876928
3637358379065344
3637358379352064
3637358378033152
3637358378598400
3637358380097536
3637358379540480
3637358378221568
3637358379630592
3637358379450368
3637358379720704
3637358378508288
3637368394784768
3637368393900032
3637368393515008
3637368394317824
3637368393048064
3637368392491008
3637368393146368
3637368394686464
3637368392720384
3637368394596352
3637368393236480
3637368392851456
3637368394874880
3637368392957952
3637368393809920
3617668018020352
3617668019617792
3617668020928512
3617668021043200
3617668020748288
3617668020297728
3617668020649984
3617668020019200
3617668021780480
3617668019027968
3617668018429952
3617668020117504
3617668021493760
3617668018552832
3617668019437568
3617686629269504
3617686630121472
3617686630400000
3617686628614144
3617686629171200
3617686627713024
3617686629367808
3617686630580224
3617686630211584
3617683279659008
3617683280773120
3617683278585856
3617686629556224
3617686628237312
3617683280969728
3617683278299136
3617683279175680
3617683280273408
3617683280576512
3617683278389248
3617683278094336
3617683278684160
3617683280478208
3617683279757312
3617683280175104
3617683279855616
3617683279560704
3617683278782464
3617683278880768
3617683278200832
3617683279372288
3617683278979072
3617683279273984
3617683277996032
3617683278487552
3617683280871424
3617683280674816
3617683280052224
3617683279077376
3617683277864960
3617683279470592
3617683280379904
3617679801344000
3617679801622528
3617683279953920
3617679803408384
3617679801999360
3617679802564608
3617679802941440
3617679803031552
3617679802097664
3617679801901056
3617679803170816
3617679801712640
3617679801532416
3617679800459264
3617679802187776
3617679800328192
3617679800680448
3617679803260928
3617679801434112
3617679801802752
3617679800770560
3617679802744832
3617679801057280
3617679802376192
3617679802466304
3617679801147392
3617679800958976
3617679802654720
3617679800868864
3617679801245696
3617679802277888
3617679800557568
3617679802843136
3617674565992448
3617674567720960
3617674564550656
3617674565689344
3617674565894144
3617674566139904
3617674566336512
3617674565492736
3617674567221248
3617674567122944
3617674564812800
3617674567630848
3617674565107712
3617674566926336
3617674566230016
3638157525655552
3638144684679168
3638157525139456
3638157527457792
3638157525745664
3638157525245952
3638144684072960
3638144683794432
3638144684810240
3638144683302912
3638144683532288
3638144683712512
3638144683892736
3638144685137920
3638144686235648
3639636791336960
3639636791132160
3639636791443456
3639636792451072
3639636792549376
3639636791009280
3639636792360960
3639636790657024
3639636791549952
3639628541575168
3639628541075456
3639628542763008
3639628540887040
3639628541976576
3639628540657664
3639628542582784
3639628541272064
3639628542672896
3639628542197760
3639628542861312
3639628541476864
3639628542386176
3639628542296064
3639628540788736
3639628541878272
3639628541173760
3639628541673472
3639628542959616
3639628541779968
3639628542484480
1566360428347392
1566363250483200
1730014179352576
3617732271448064
3617732269817856
3617732270882816
3617732272701440
3617732271259648
3617732272603136
3617732271071232
3639642259775488
3640267829551104
3639642259038208
3639642259300352
3639642260856832
3640267830116352
3640267829272576
3640267829084160
3640267830018048
3640267830394880
3640267829739520
3640267829182464
3640267830304768
3640267828494336
3640267828609024
3640267828404224
3640267828273152
3640267829362688
3640267829919744
3640267828797440
3640267828994048
3640267828895744
3640267829452800
3640267828707328
3640267829649408
3640260925440000
3640260925915136
3640267829829632
3640260925538304
3640260925054976
3641013208514560
3641013207941120
3641013208031232
3641013208317952
3641013208883200
3641013207744512
3641013208129536
3641013208702976
3641013208219648
3641013208416256
3640829369753600
3640829369622528
3640829370220544
3640829370400768
3640829370032128
3640829370957824
3640829370777600
3640829370122240
3640829370867712
3640829370589184
3640825165176832
3640825165545472
3640825165266944
3640825165963264
3640825165357056
3640825165635584
3640825165733888
3640825165873152
3640825164701696
3640825164800000
3640825165086720
3640825164988416
3636038877192192
3634826689986560
3639648141950976
3639648140517376
3639648141647872
3639648141746176
3639648140419072
3639648140738560
3639648142065664
3639648140247040
3639648140623872
3639648141148160
3639648142163968
3639648141852672
3639648142548992
3639648141443072
3639648140943360
3639648141041664
3639648142647296
3639648142458880
3639648140845056
3639648141246464
3639648141344768
3639648141549568
3639648142262272
3639642260062208
3639642261135360
3639642259873792
3639642259202048
3639642260955136
3639642261045248
3639642260340736
1566358638977024
1578726202163200
3641102436638720
3641102436016128
3641102436958208
3641102435844096
3641102435180544
3641102435049472
3641102435508224
3641102436352000
3641102436179968
3641030983770112
3641030981009408
3641030981345280
3641030982393856
3641102434803712
3641030981189632
3641030984548352
3641030984966144
3641030984122368
3641030984835072
3641990230360064
3641990227599360
3642288327688192
3642253707821056
3642253708730368
3642253709344768
3642253708828672
3642253708230656
3642253707411456
3642253709443072
3642253707624448
3642253708926976
3642253708124160
3642253709541376
3642253709041664
3642230528933888
3642230530547712
3642230530711552
3642230530883584
3642230532325376
3642230531850240
3642230531661824
3642230532038656
3642230532800512
3642230530162688
3642230532513792
3642230529269760
3642230531170304
3642230532136960
3642230532890624
3642230532415488
3642230530449408
3642230529974272
3642230531358720
3642230530351104
3642230532702208
3642230532988928
3642230529368064
3642230529875968
3642230530973696
3642230531940352
3642230531072000
3642230531751936
3642230531555328
3642230532227072
3642230532603904
3642230529687552
3642230529785856
3649360910508032
3649360908640256
3649360910344192
3649360905584640
3649360913825792
3649360910786560
3649360909287424
3649360911065088
3649360910934016
3649360915103744
3649360907698176
3649360905379840
3649360906108928
3649360911351808
3649360914227200
3651827318685696
3651827318587392
3651827318292480
3651827318161408
3651827319283712
3651827319676928
3651827319087104
3651827321733120
3651827318046720
3651827318882304
3651827320176640
3651827319775232
3651827320471552
3651827320373248
3651827321544704
3651827319889920
3651827318489088
3651827317907456
3651827321118720
3651827320274944
3651827319185408
3651827321421824
3651827319980032
3651136533692416
3651136530481152
3651136533397504
3651136531595264
3651136530579456
3651136532094976
3651136531390464
3651136531185664
3651136529940480
3651136533299200
3651136532193280
3651136532799488
3651136533594112
3651136531791872
3651136530784256
3651136530980864
3651136530882560
3651136531079168
3651136530284544
3651136531898368
3651136532496384
3651136531488768
3651136531996672
3651136530079744
3651136533889024
3651136533200896
3651136532701184
3651136532398080
3651136532602880
3651136530685952
3651136531693568
3651136533004288
3651136531283968
3651136530186240
3650900964327424
3650900967104512
3650900965253120
3650900966703104
3650900965703680
3650900965801984
3650900966809600
3650900965900288
3650900964859904
3650900967006208
3650900964958208
3650900966408192
3650900964433920
3650900965154816
3650900966506496
3650900966309888
