2160574685184000
3660627312156672
3660627312631808
3660627312828416
3660627313213440
3660627313590272
3660627314253824
3660627315687424
3660627316539392
3660627317587968
3660627317776384
3660627318161408
3660753106812928
3660753106911232
3660753107099648
3660753107189760
3660753107288064
3660753107386368
3660753107484672
3660753107574784
3660753107861504
3660753107951616
3660753108058112
3660753108148224
3660753108246528
3660753108344832
3660753108434944
3660753108541440
3660753108631552
3660753108729856
3660753108819968
3660753109008384
3660753109098496
3660753109196800
3660753109385216
3660753109573632
3660753109663744
3660753109762048
3660753109852160
3660753110040576
3660753110138880
3660753110237184
3660753110327296
3660753110425600
3660753110614016
3660753110704128
3660753110802432
3660753110892544
3660753110990848
3660753111089152
3660753111179264
3660753111367680
3660753111457792
3660753111547904
3660753111654400
3660753111842816
3660753111941120
3660753112039424
3660753112129536
3660753112227840
3660753112326144
3660753112416256
3660753112604672
3660753112793088
3660753112891392
3660753113063424
3660753113366528
3660753113456640
3660753113554944
3660753113645056
3660753113841664
3660753114030080
3660753114431488
3660753114718208
3660753114816512
3660753114914816
3665150319763456
3665150323662848
3665150324260864
3665150324826112
3665150326235136
3665183319949312
3665183320342528
3665183321030656
3665183321522176
3665183321620480
3665183321718784
3665183322013696
3665183322324992
3665183322521600
3665183323021312
3665183324110848
3665183324495872
3665183325093888
3665183325388800
3665183326101504
3665183326298112
3665183326396416
3665183326494720
3665183326593024
3665183327387648
3665183327780864
3665183327879168
3665183327977472
3665183328075776
3665183328174080
3665227755175936
3665227755438080
3665227755536384
3665227755634688
3665227755724800
3665227756101632
3665227756199936
3665227756298240
3665227756675072
3665227756773376
3665227756871680
3665227757051904
3665227757248512
3665227757371392
3665227757469696
3665227757658112
3665227757756416
3665227757854720
3665227758239744
3665227758436352
3665227758526464
3665227758714880
3665227758813184
3665227758911488
3665227759001600
3665227759099904
3665227759198208
3665227759386624
3665227759575040
3665227759673344
3665227759763456
3665227759951872
3665227760050176
3665227760148480
3665227760517120
3665227760615424
3665227760910336
3665227761008640
3665227761197056
3665227761287168
3665227761672192
3665227761950720
3665227762458624
3665227762556928
3665227762647040
3665227762745344
3665227762835456
3665227763023872
3665227763113984
3665227763212288
3665227763400704
3665227763499008
3665239716093952
3665239716773888
3665239717265408
3665239717863424
3665239718174720
3665239718273024
3665239718477824
3665239718576128
3665239718674432
3665239719747584
3665239719854080
3665239720222720
3665239720419328
3665239721615360
3665239722704896
3665239722803200
3665239722901504
3665239723393024
3665239723712512
3665239724097536
3665239724294144
3665239724400640
3665239724490752
3665274278182912
3665274278854656
3665274281623552
3665274284195840
3672198637592576
3676411954692096
3676411954855936
3676411954995200
3676411955085312
3676411955281920
3676411955372032
3676411955601408
3676411955707904
3676411955814400
3676411955912704
3676411956011008
3676411956109312
3676411956207616
3676411956305920
3676411956404224
3676411956690944
3676411956781056
3676411956879360
3676411956977664
3676411957075968
3676411957174272
3676411957272576
3676411957362688
3676411957460992
3676411957567488
3676411957665792
3676411957755904
3676411957854208
3676411957952512
3676411958050816
3676411958149120
3676411958239232
3676411958452224
3676418890309632
3676418890473472
3676418890571776
3676418890670080
3676418890768384
3676418890866688
3676418890956800
3676418891063296
3676418891153408
3676418891251712
3676418891350016
3676418891448320
3676418891579392
3676418891677696
3676418891776000
3676418891874304
3676418891972608
3676418892070912
3676418892161024
3676418892259328
3676418892357632
3676418892455936
3676418892554240
3676529359208448
3676529359372288
3676529359470592
3676529359585280
3676529359683584
3676529359773696
3676529359863808
3676529359962112
3676529360052224
3676529360150528
3676529360240640
3676529360338944
3676529360429056
3676529360527360
3676529360617472
3676529360715776
3676529360814080
3676529360912384
3676529361002496
3676529361100800
3676529361190912
3676529361289216
3676529361379328
3676529361477632
3676529361575936
3676529361674240
3676529361764352
3676529361870848
3676529361960960
3676529362059264
3676529362157568
3676529362255872
3676529362354176
3676529362460672
3676588396969984
3676588397109248
3676588397207552
3676588397297664
3676588397387776
3676588397486080
3676588397576192
3676588397674496
3676588397764608
3676588397862912
3676588397953024
3676588398051328
3676588398141440
3676588398231552
3676588398321664
3676588398419968
3676588398518272
3676588398608384
3676588398706688
3676588398804992
3676588398895104
3676588398993408
3676588399083520
3676588399173632
3676588399271936
3676588399370240
3676588399460352
3676588399558656
3676588399648768
3676588399747072
3676588399837184
3676588399927296
3676588400025600
3676588400115712
3676588400214016
3676588400304128
3676588400402432
3676588400492544
3681530925588480
3681530925932544
3681530926030848
3681530926129152
3681530926219264
3681530926325760
3681530926424064
3681530926735360
3681530926841856
3681530926940160
3681530927144960
3681530927243264
3681530927431680
3681530927554560
3681530927751168
3681530927865856
3681530928062464
3681530928160768
3681530928259072
3681530928357376
3681530928455680
3681530928553984
3682854430662656
3683673725911040
3683673725911041
3685753120948224
3685753121234944
3685753121431552
3685755771166720
3685755771338752
3685755771437056
3685755771535360
3685755771633664
3685755771813888
3685755771944960
3685755772051456
3685755772149760
3685758786723840
3685758786854912
3685758786953216
3685758787051520
3685758787149824
3685758787239936
3685758787346432
3685758787436544
3685758787543040
3685761263476736
3685761263656960
3685761263788032
3685761263894528
3685761263984640
3685761264091136
3685761264189440
3685761264287744
3685761264386048
3685764046077952
3685764046241792
3685764046331904
3685764046430208
3685764046520320
3685764046618624
3685764046708736
3685764046807040
3685764046897152
3685768560181248
3685768560320512
3685768560410624
3685768560500736
3685768560599040
3685768560689152
3685768560787456
3685770974011392
3685770974109696
3685770974208000
3685770974298112
3685770974396416
3685770974494720
3685770974593024
3685770974683136
3688657585225728
3688657585586176
3688657585684480
3688657585971200
3688657586069504
3688657586257920
3688657586356224
3688657586454528
3688657586544640
3688657586642944
3688657586733056
3688657586831360
3688657586929664
3688657587027968
3688657587240960
3688657587339264
3688657587429376
3688657587527680
3688657587625984
3688657587716096
3688657587814400
3688657588101120
3688657588240384
3688657588330496
3688657588428800
3688657588527104
3688657588617216
3688657588715520
3688657588813824
3688657588903936
3688657589002240
3688657589100544
3688657589207040
3688657589305344
3688657589403648
3688657589501952
3688657589592064
3688657589788672
3688657589878784
3688657589977088
3688657590075392
3688657590165504
3688657590280192
3688657590378496
3688670010220544
3688670010351616
3688670010449920
3688670010548224
3688670010646528
3688670010744832
3688670010843136
3688670010941440
3688670011138048
3688670011236352
3688670011334656
3688670011531264
3688670011629568
3688670011727872
3688670011817984
3688670012112896
3688670012235776
3688670012440576
3688670012538880
3688670012645376
3688698179649536
3688698179780608
3688698179878912
3688698180075520
3688698180173824
3688698180362240
3688698180460544
3688698180845568
3688698180935680
3688698181033984
3688698181320704
3688698181419008
3688698181517312
3688701915619328
3688701915783168
3688701916086272
3688701916176384
3688701916274688
3688701916561408
3688701916659712
3688701916758016
3688701916848128
3688701916946432
3688701917036544
3688701917896704
3688709495103488
3688709495300096
3688709495398400
3688709495496704
3688709495595008
3688709495693312
3688709495799808
3688709496602624
3689049434054656
3689053645430784
3689053645602816
3689053645799424
3689053645889536
3689053645987840
3689053646086144
3689053646184448
3689053646290944
3689053646381056
3689053646569472
3689058628124672
3689058628222976
3689058628329472
3689058628616192
3689058628714496
3689058629009408
3689058629107712
3689058629206016
3689058629304320
3689058629402624
3689065211731968
3689065211895808
3689065212100608
3689065212297216
3689065212395520
3689065212493824
3689065212592128
3689065213370368
3689065213468672
3689065213665280
3689129114304512
3689129114599424
3689129114894336
3689129115017216
3689129115115520
3689129115312128
3689129115508736
3689129116286976
3689129116409856
3689129116516352
3689129116999680
3689129117097984
3689129117302784
3689129117491200
3689129117777920
3689129117876224
3689129117966336
3689129118261248
3689129118351360
3689129118744576
3689129118842880
3689129118932992
3690047047450624
3691416642150400
3691416642248704
3691416642535424
3691416642633728
3691416642732032
3691422091714560
3691422092427264
3691425433772032
3691425433894912
3691427267649536
3691427267805184
3691427267919872
3691427268059136
3691435096883200
3691435097030656
3691435097128960
3691435097227264
3691435097317376
3691435097415680
3691435097513984
3691435097604096
3691435097710592
3691439085338624
3691439085436928
3691439085535232
3691439085633536
3691439085740032
3691439085936640
3691439086034944
3691442574614528
3691442574786560
3691442574884864
3691442574983168
3691442575081472
3691442575179776
3691442575278080
3691442575376384
3691442575474688
3691446451978240
3691446452150272
3691446452256768
3691446452355072
3691446452453376
3691446452551680
3691446452649984
3691446452756480
3691446452854784
3691449891274752
3691449891422208
3691449891528704
3691449891627008
3691449891725312
3691449891831808
3691449891930112
3691449892028416
3691449892126720
3691452378505216
3691452378644480
3691452378775552
3691452378873856
3691452378972160
3691452379078656
3691452379176960
3691452379275264
3691452379480064
3691452379635712
3691452379742208
3691452379840512
3691452379938816
3691452380037120
3691452380135424
3691452380233728
3691452380340225
3691452380438528
3691452380536832
3691452380635136
3691452380733440
3691452380831744
3691452380938240
3691452381036544
3691452381134848
3691452381233152
3691452381339648
3691452381437952
3691452381536256
3691452381634560
3691452381732864
3691452381839360
3691452381937664
3691452382035968
3691452382134272
3691452382232576
3691452382330880
3691452382429184
3691452382527489
3691452382625792
3691452382724096
3691452382822400
3691452382920704
3691452383027200
3691452383158272
3691452383248384
3691452383346688
3691452383453184
3691452383551488
3691452383649792
3691452383748096
3691452383854592
3691452383952896
3691452384059392
3691452384157696
3691452384247808
3691452384346112
3691452384444416
3691452384550912
3691452384649216
3691452384747520
3691452384845824
3691452384944128
3691452385050624
3691452385148928
3691452385247232
3691452385345536
3691452385443840
3691452385542144
3691452385640448
3691453370662912
3691453370843136
3691453370941440
3691453371039744
3691453371138048
3691453371236352
3691453371342848
3691453371441152
3691453371547648
3691456851255296
3691456851484672
3691456851582976
3691456851689472
3691456851812352
3691456851902464
3691456852041728
3691456852140032
3691456852254720
3691460542070784
3691460542283776
3691460542423040
3691460542619648
3691460542750720
3691460542939136
3691460543143936
3691460543258624
3691460543438848
3691464446451712
3691464446623744
3691464446820352
3691464446918656
3691464447016960
3691464447115264
3691464447213568
3691464447311872
3691465028362240
3691465028526080
3691465028624384
3691465028722688
3691465028820992
3691465028919296
3691465029017600
3691465029115904
3691465029214208
3691465029320704
3691465029410816
3691465029509120
3691465029607424
3691465029705728
3691465029804032
3691465029910528
3691465030000640
3691465030098944
3691465030197248
3691465030295552
3691465030393856
3691465030492160
3691465030598656
3691465030688768
3691465030787072
3691465030885376
3691465030983680
3691465031081984
3691465031180288
3691465031278592
3691465031376896
3691465031475200
3691465031573504
3691465031663616
3691465031761920
3691465031860224
3691465031958528
3691465032056832
3691465032155136
3691465032245248
3691465032343552
3691465032441856
3691465032540160
3691465032638464
3691465032736768
3691465032835072
3691465032933376
3691465033023488
3691465033121792
3691465033220096
3691465033310208
3691465033408512
3691465033506816
3691465033605120
3691465033695232
3691465033793536
3691465033891840
3691465033990144
3691465034088448
3691465034178560
3691465034276864
3691465034375168
3691465034473472
3691465034563584
3691465034661888
3691465034760192
3691465034858496
3691465034956800
3691465035046912
3691465035145216
3691469128368128
3691469128540160
3691469128638464
3691469128728576
3691469128835072
3691469128974336
3691469129072640
3691469129170944
3691469129269248
3691471444828160
3691471445262336
3691471446040576
3691471446433792
3691471447203840
3691471447408640
3691471447703552
3691471447998464
3691471448825856
3691471449440256
3691471450783744
3691471451373568
3691471452151808
3691471452250112
3691472586129408
3691472586227712
3691472586326016
3691472586424320
3691472586522624
3691472586620928
3691472586711040
3691472586809344
3691981506945024
3691981507108864
3691981507223552
3691981507321856
3691981507420160
3691981507518464
3691981507616768
3691981507821568
3691981507919872
3691981508026368
3691981508132864
3691981508231168
3691981508337664
3691981508452352
3691981508591616
3691981508698112
3691981508796416
3691981508894720
3691981509017600
3691981509115904
3691981509214208
3691981509410816
3691981509509120
3691981509607424
3691981509705728
3691981509804032
3691987302842368
3691987302981632
3691987303161856
3691987303292928
3691987303407616
3691987303514112
3691987303661568
3691987303784448
3691987303890944
3691987303997440
3691987304112128
3691987304275968
3691987304374272
3695479728496640
3695479728668672
3695479728766976
3695479729061888
3695479729152000
3695479729250304
3695479729348608
3695479729446912
3695479729643520
3695479729741824
3695479729840128
3695479729930240
3695479730028544
3695479730126848
3695479730225152
3695479730413568
3695479730610176
3695479730896896
3695479730995200
3695479731388416
3695479731675136
3695479731871744
3695479731970048
3695479732060160
3695479732551680
3695479732649984
3695479732748288
3695479732838400
3695479732936704
3695479733035008
3702001824456704
3702001824645120
3702080836485120
3702080836648960
3706853429608448
3706853429968896
3706853430263808
3706853430870016
3706853430968320
3706853431255040
3706853431451648
3706853431951360
3706853432754176
3706853433237504
3706853433442304
3706853433638912
3706853434040320
3706853434744832
3706853434949632
3706853435432960
3712490279026688
3716195642884096
3716814268350464
3716814268489728
3720370945212416
3721170755977216
3722461452197888
3723186763931648
3723186764095488
3727539244228608
3727539244318720
3727539244417024
3727539244900352
3727539244998656
3727539245088768
3727539245187072
3727539245473792
3727539245572096
3727539245662208
3727539245760512
3727539245850624
3727539246129152
3727539246317568
3727539246505984
3727539247398912
3727539247783936
3727539248652288
3727539248939008
3727543283646464
3727543283802112
3727543283900416
3727543283990528
3727543284088832
3727543284178944
3727543284277248
3727543284375552
3727543284473856
3727543284572160
3727543284670464
3727543284760576
3727543284850688
3727543284948992
3727543285039104
3727543285137408
3727543285366784
3727543285465088
3727543285555200
3727543285653504
3727543285743616
3727543285833728
3727543285932032
3727543286022144
3727543286120448
3727543286210560
3727543286300672
3727543286398976
3727543286587392
3727543286677504
3727543286775808
3727543286865920
3727543287062528
3727543287160832
3727543287250944
3727543287349248
3727543287439360
3727543287537664
3727543287627776
3727543287726080
3727543287816192
3727543287914496
3727543288004608
3727543288102912
3727543288193024
3732178265456640
3732178265595904
3732178265694208
3732178265784320
3732178265882624
3732178265980928
3732178266275840
3732178266374144
3732178266652672
3732178266759168
3732178266849280
3732178266972160
3732178267062272
3732178267348992
3732178267447296
3732178267643904
3732178267734016
3732178268069888
3732178268168192
3732178268266496
3732178268356608
3732178268454912
3732178268643328
3732178268741632
3732178268930048
3732178269020160
3732178269118464
3732178269216768
3732178269306880
3732178269405184
3732178269601792
3732178269913088
3732178270011392
3732178270101504
3732178270298112
3732178270388224
3732178270478336
3732178270576640
3732178270674944
3732969285402624
3732969285533696
3732969285632000
3732969285730304
3732969285836800
3732969286221824
3732969286516736
3732969286705152
3732969286803456
3732969287188480
3732969287286784
3732969287376896
3732969287483392
3732969287573504
3732969287671808
3732969287770112
3732969287950336
3732969288155136
3732969288245248
3732969288441856
3732969288531968
3732969288646656
3732969288736768
3732969288835072
3732969288925184
3732969289023488
3732969289113600
3732969289318400
3732969289408512
3732969289785344
3732969289875456
3732969289973760
3732969290162176
3732969290252288
3732969290350592
3732969290440704
3732969290719232
3732969290907648
3732969291005952
3732969291096064
3733771697659904
3733771697766400
3733771698495488
3733771699740672
3733771699871744
3733771700101120
3733771700232192
3733771700428800
3733771701272576
3733771701616640
3733771702026240
3733771702288384
3733771704238080
3733771704713216
3733771704811520
3735264293175296
3735264293560320
3735264293847040
3735884023767040
3735884023898112
3735884023996416
3735884024176640
3735884024274944
3735884024365056
3735884024471552
3735884024561664
3735884024758272
3735884024856576
3735884024954880
3735884025053184
3735884025184256
3735884025282560
3735884025380864
3735884025470976
3735884025569280
3735884025659392
3735884025757696
3735884025856000
3735884026044416
3735932487983104
3735932488081408
3735932488179712
3735932488278016
3735932488384512
3735932488482816
3735932488581120
3735932488679424
3735932488777728
3735932488876032
3735932488966144
3735932489064448
3735932489269248
3735932489367552
3735932489465856
3735932489564160
3735932489670656
3735932489777152
3735932489875456
3735932489965568
3735932490063872
3735932490170368
3735932490268672
3735932490366976
3735932490465280
3735932490563584
3735932490670080
3735932490768384
3735932490964992
3739409224212480
3739409224359936
3739409224458240
3739409224663040
3739409224769536
3739409224974336
3739409225072640
3739409225269248
3739409225474048
3739409225572352
3739409225678848
3739409225777152
3739409225973760
3739409226072064
3739409226186752
3739409226285056
3739409226416128
3739409226629120
3739409226735616
3739409226973184
3739409227079680
3739409227333632
3739409227448320
3739409227743232
3739409227841536
3739409227972608
3739409228210176
3739409228439552
3739409228587008
3739409228677120
3758000559562752
3768263665811456
3768263666040832
3768263666327552
3768263666417664
3768263666622464
3768263666900992
3768263666999296
3768263667179520
3768263667367936
3768263667843072
3768263668039680
3768263668129792
3768263668228096
3768263668514816
3768263669080064
3768263669202944
3768263669489664
3768263669587968
3768263669768192
3768263669956608
3768263670054912
3768263670243328
3768263670341632
3768263670431744
3768263670530048
3768263670620160
3768263670898688
3768263670996992
3768263671087104
3768263671275520
3768263671463936
3768263671652352
3768454354124800
3768454354255872
3768454354354176
3768454354452480
3768454354542592
3768454354640896
3768454354739200
3768454354829312
3768454354927616
3768454355025920
3768454355116032
3768454355206144
3768454355304448
3768454355402752
3768454355492864
3768454355591168
3768454355689472
3768454355779584
3768454355902464
3768454356041728
3768454356156416
3768454356254720
3768454356344832
3768454356434944
3768454356533248
3768454356631552
3768454356721664
3768454357008384
3768454357098496
3768454357237760
3768454357327872
3768454357426176
3768454357524480
3768454357614592
3768454357712896
3768454357803008
3768454357893120
3768454357991424
3768454358081536
3768454358237184
3768454358327296
3768454358425600
3768454358523904
3768454358614016
3768454358704128
3768454358802432
3768454358892544
3768454358990848
3768454359080960
3768454359171072
3768454359277568
3768454359367680
3768454359465984
3768454359556096
3768454359646208
3768454359744512
3768454359834624
3768454359924736
3768454360023040
3768454360121344
3768454360219648
3768454360309760
3768454360408064
3768460625805312
3768460625969152
3768460626067456
3768460626264064
3768460626362368
3768460626452480
3768460626542592
3768460626640896
3768460626731008
3768460626829312
3768460626927616
3768460627025920
3768460627116032
3768460627214336
3768460627304448
3768460627402752
3768460627492864
3768563357499392
3768563357630464
3768563357728768
3768563357818880
3768563357917184
3768563358007296
3768563358105600
3768563358195712
3768563358294016
3768563358392320
3768563358490624
3768563358580736
3768563358728192
3768563358834688
3768563358924800
3768563359023104
3768563359121408
3768563359211520
3768563359309824
3768563359408128
3768563359498240
3768563359596544
3768563359694848
3768563359784960
3768563359883264
3768563359989760
3768563360096256
3768563360194560
3768563360292864
3768563360382976
3768563360481280
3768563360579584
3768563360669696
3768563360768000
3768563360866304
3768563360964608
3768563361062912
3768563361153024
3768563361251328
3768563361341440
3768563361439744
3768563361538048
3768563361628160
3768563361726464
3768563361824768
3768563361914880
3768563362013184
3768563362103296
3768563362201600
3768563362299904
3768563362390016
3768563362488320
3768563362578432
3768563362676736
3768563362775040
3768563362865152
3768563362963456
3768563363053568
3768563363176448
3768563363266560
3768563363364864
3768563363454976
3768563363553280
3768563363643392
3768563363741696
3768563363831808
3768563363930112
3768563364020224
3768570177675264
3768570177814528
3768570177904640
3768570178002944
3768570178101248
3768570178207744
3768570178306048
3768570178404352
3768570178494464
3768570178592768
3768570178691072
3768570178781184
3768570178879488
3768570178977792
3768570179067904
3768570179166208
3768570179264512
3768570179354624
3768570179452928
3768570179551232
3768570179641344
3768570179739648
3768570179837952
3768570179928064
3768570180026368
3768570180116480
3768570180214784
3768570180304896
3768570180403200
3768570180501504
3768570180591616
3768570180689920
3768570180780032
3768570180878336
3768570180976640
3768570181066752
3768570181165056
3768570181255168
3768570181353472
3768570181451776
3768570181541888
3768570181640192
3768570181738496
3768570181828608
3768570181918720
3768570182017024
3768570182115328
3768570182221824
3768570182320128
3768570182410240
3768570182508544
3768570182598656
3768570182696960
3768570182787072
3768570182885376
3768570182983680
3781161094643712
3781161094742016
3781161094840320
3781161095036928
3781161095233536
3781161095430144
3781161095741440
3781161096036352
3781161096921088
3781161097011200
3781161097117696
3781161097404416
3781161097609216
3781161097895936
3781161097994240
3781161098289152
3781166994522112
3781166994669568
3781166994767872
3781166994907136
3781166995005440
3781166995103744
3781166995202048
3781166995300352
3781166995398656
3781166995496960
3781166995595264
3781166995693568
3781166995791872
3781166995890176
3781166995988480
3781166996094976
3781173196996608
3781173197144064
3781173197250560
3781173197365248
3781173197463552
3781173197561856
3781173197668352
3781173197766656
3781173197873152
3781173197971456
3781173198069760
3781173198168064
3781173198266368
3781173198389248
3781173198487552
3781173198585856
3781173198684160
3781173198782464
3781173198888960
3781173198987264
3781173199093760
3781182793793536
3781182793932800
3781182794031104
3781182794129408
3781182794227712
3781182794334208
3781182794432512
3781182794530816
3781182794653696
3781182794809344
3781182794940416
3781182795071488
3781182795169792
3781182795268096
3781182795366400
3781182795464704
3781182795563008
3781182795677696
3781182795784192
3781182795882496
3781182795980800
3781182796087296
3781192595415040
3781192595578880
3781192595677184
3781192595775488
3781192595898368
3781192595996672
3781192596103168
3781192596201472
3781192596299776
3781192596422656
3781192596619264
3781192596758528
3781192596856832
3781192596955136
3781192597053440
3781192597159936
3781192597274624
3781192597372928
3781192597479424
3781192597602304
3781192597700608
3781192597798912
3781192597897216
3781192598011904
3781203260014592
3781203260104704
3781203260203008
3781203260301312
3781203260399616
3781203260489728
3781203260588032
3781203260678144
3781203260784640
3781203260882944
3781203260981248
3783986649235456
3783986649464832
3783986652151808
3783986652241920
3784004707237888
3784004707467264
3784004707573760
3784004707680256
3784004707778560
3784004707876864
3784004707975168
3784004708073472
3784004708171776
3784004708270080
3784004708368384
3784004708466688
3784004708564992
3784004708663296
3784004708761600
3784004708859904
3784004708958208
3784004709064704
3784004709343232
3784004709482496
3784004709629952
3784004709761024
3784004709933056
3784004710031360
3784004710137856
3784004710236160
3784004710334464
3784004710432768
3784004710531072
3784004710629376
3784004710727680
3784015080431616
3784015080570880
3784015080669184
3784015080775680
3784015080972288
3784015081086976
3784015081193472
3784015081291776
3784015081455616
3784015081766912
3784015081881600
3784015082110976
3784015082209280
3784015082307584
3784015082414080
3784015082520576
3784015082618880
3784015082717184
3784015082823680
3784015082930176
3784015083028480
3784015083126784
3784015083233280
3784015083438080
3784015083536384
3784015083642880
3784015083741184
3784015083855872
3784015083962368
3784015084199936
3784015084298240
3784015084437504
3784015084535808
3784015084675072
3784015084781568
3784015084879872
3784015084978176
3784015085117440
3784015085223936
3784015085330432
3784015085445120
3784015085551616
3784015085748224
3784015085854720
3784015085953024
3784015086084096
3784015086182400
3784015086387200
3784015086608384
3784015086723072
3784015086845952
3784015086944256
3784015087050752
3784015087157248
3784015087255552
3784015087353856
3784015087452160
3784015087558656
3784015087763456
3784015087869952
3784015087976448
3784015088082944
3784015088189440
3784015088689152
3784015088820224
3784015088918528
3784015089033216
3784015089131520
3784015089229824
3784015089328128
3784015089434624
3784015089532928
3784015089631232
3784015089860608
3784015089983488
3784015090081792
3784015090188288
3784015090294784
3784015090499584
3784015090597888
3784015090696192
3784015090851840
3784015090966528
3784015091064832
3784015091171328
3784015091269632
3784015091376128
3784015091474432
3784015091572736
3784015091671040
3784015091769344
3784015091875840
3784015092088832
3784015092285440
3784015092383744
3784015092490240
3784015092588544
3784015092686848
3784015092801536
3784015092899840
3784015092998144
3784015093104640
3784019932643328
3784019932733440
3784019932823552
3784019932913664
3784019933003776
3784027083440128
3784027083538432
3784027083636736
3784027083743232
3784027083841536
3784027083939840
3784027084029952
3784027084128256
3784027084226560
3784027084324864
3784027084414976
3784027084513280
3784027084611584
3784027084701696
3784027084800000
3784037085315072
3784037085478912
3784037085577216
3784037085683712
3784037085782016
3784037085888512
3784037085978624
3784037086076928
3784037086167040
3784037086265344
3784037086363648
3784037086453760
3784037086552064
3784037086642176
3784037086732288
3784037086994432
3784037087092736
3784037087191040
3784037087281152
3784037087379456
3784037087469568
3784037087567872
3784037087657984
3784037087756288
3784037235548160
3784037235638272
3784037235728384
3784037235826688
3784037235916800
3784037236006912
3784037236097024
3784037236195328
3784037236285440
3784037236383744
3784037236473856
3784037236563968
3784047923585024
3784047923740672
3784047923847168
3784047923953664
3784047924051968
3784047924150272
3784047924248576
3784047924338688
3784047924436992
3784047924535296
3784047924633600
3784047924731904
3784047924830208
3784047924928512
3784047925026816
3784047925133312
3784047925231616
3784047925329920
3784047925428224
3784047925526528
3784047925657600
3784047925755904
3784047925854208
3784047925944320
3784047926042624
3784047926140928
3784047926239232
3784047926353920
3784047926460416
3784047926558720
3784047926657024
3784047926755328
3784047926853632
3784047926951936
3784047927050240
3784047927156736
3784054269968384
3784054270230528
3784054270328832
3784054270427136
3784054270525440
3784054270623744
3784054270722048
3784054270820352
3784054270926848
3784054271025152
3784054271123456
3784054271221760
3784054271754240
3784054272876544
3784054273073152
3784054273171456
3784054273269760
3784054273368064
3784054273458176
3784054273556480
3784054273654784
3784054273941504
3784054274244608
3784054274342912
3784054274842624
3784054274949120
3784095188353024
3784095188492288
3784095188582400
3784095188697088
3784095188795392
3784095188893696
3784095188992000
3784095189090304
3784095189188608
3784095189286912
3784095189377024
3784095189475328
3784095189573632
3784095189680128
3784095189778432
3784095189876736
3784095189983232
3784095190073344
3784095190171648
3784095190269952
3784095190376448
3784095190466560
3784095190564864
3784095190663168
3784095190859776
3784095190966272
3784095191064576
3784095191154688
3784095191252992
3784095191351296
3784095191441408
3784095191539712
3784179305332736
3784179305512960
3784179305611264
3784179305701376
3784179305791488
3784179305881600
3784179305979904
3784179306070016
3784179306160128
3784179306250240
3784179306348544
3784179306438656
3784179306545152
3784182475350016
3784182475448320
3784182475554816
3784182475759616
3784182475882496
3784182476120064
3784182476242944
3784182476537856
3784182476644352
3784182476759040
3784182476890112
3784182477021184
3784182477144064
3784182477266944
3784182477438976
3784182477545472
3784182477660160
3784182477774848
3784182477889536
3784196427980800
3784196428120064
3784196428210176
3784196428308480
3784196428406784
3784196428505088
3784196428603392
3784196428701696
3784196428800000
3784196428890112
3784196428988416
3784196429103104
3784196429201408
3784196429291520
3784196429389824
3784196429488128
3784196429578240
3784196429676544
3784196429774848
3784196429873152
3784196429971456
3784196430061568
3784196430159872
3784196430258176
3784196430364672
3784196430454784
3784196430553088
3784196430643200
3784196430741504
3784196430839808
3784196430938112
3784196431028224
3785518403747840
3785518403846144
3785518403952640
3785518404042752
3785518404141056
3785518404231168
3785518404419584
3785518404616192
3785518404714496
3785518404804608
3785518404902912
3785518405001216
3785518405091328
3785518405279744
3785518405369856
3785518405468160
3786133488861184
3786133489000448
3786133489115136
3786133489303552
3786133489410048
3786133489500160
3786133489598464
3786133489696768
3786133489786880
3786133489885184
3786133489975296
3786133490163712
3786133490270208
3786133490360320
3786133490843648
3786133490941952
3786133491040256
3786133491130368
3786133491228672
3786133491326976
3786133491425280
3786133491523584
3786133491613696
3786133491703808
3786133491802112
3786133491900416
3786133491998720
3786133492088832
3786133492187136
3786133492285440
3786133492375552
3786133492473856
3786133492563968
3786133492670464
3787325895417856
3787325895581696
3787325895680000
3787325895974912
3787325896073216
3787325896171520
3787367025811456
3787367025950720
3787367026139136
3787367026237440
3787367026352128
3787367026458624
3787367026548736
3787367026647040
3787367026745344
3787367026941952
3787367027040256
3787367027228672
3787367027318784
3787367027417088
3787367027507200
3787367027605504
3787367027695616
3787367027793920
3787541785354240
3787541785460736
3787541785550848
3787541785952256
3787541786140672
3787541786337280
3787541786812416
3787541787017216
3787541787320320
3789112776286208
3789112776417280
3789112776515584
3789112776704000
3789112776802304
3789112776900608
3789112776990720
3789112777089024
3789112777211904
3789112777613312
3789112777711616
3789112777809920
3789112777900032
3789112777998336
3789112778088448
3789112778186752
3789112778285056
3789112778383360
3789112778579968
3789112778768384
3789112778858496
3789112778956800
3789112779046912
3789112779145216
3789112779251712
3789112779350016
3789112779448320
3789112779563008
3789112779661312
3789112779759616
3789112779882496
3789112779980800
3789112780128256
3789112780431360
3789472888995840
3789472889085952
3789472889274368
3789472889364480
3789472889462784
3789472889643008
3789472889741312
3789472890404864
3789472890503168
3789472890601472
3789472890789888
3789472890880000
3789472891068416
3789472891248640
3789472891437056
3789472891715584
3789472892182528
3789504263135232
3789504263299072
3789504263397376
3789504263512064
3789504263626752
3789504263725056
3789504263847936
3789504263946240
3789504264036352
3789504264142848
3789504264241152
3789504264347648
3789504264445952
3789504264536064
3789504264634368
3789504264732672
3789504264839168
3789504264929280
3789504265019392
3789504265117696
3789504265207808
3789504265297920
3789504265396224
3789504265486336
3789504265576448
3789504265666560
3789504265928704
3789504266035200
3789504266125312
3789504266215424
3789504266313728
3789504266403840
3789504266543104
3789504266641408
3789504266731520
3789504266829824
3789505590337536
3789505590501376
3789505590599680
3789505590697984
3789505590796288
3789505590886400
3789505590984704
3789505591083008
3789505591197696
3789505591296000
3789505591394304
3789505591484416
3789505591721984
3789505591812096
3789505591943168
3789505592041472
3789505592131584
3789505592221696
3789505592320000
3789505592418304
3789505592508416
3789505592606720
3789505592696832
3789505592786944
3789505592885248
3789505592975360
3789505593073664
3789505593163776
3789505593253888
3789505593352192
3789505593442304
3789505593540608
3789505593630720
3789505593819136
3789512575336448
3789512575533056
3789512576458752
3789512576565248
3789512576679936
3789512576778240
3789512577941504
3789512578244608
3789512578727936
3790236705792000
3790236705955840
3790236706095104
3790236706185216
3790236706283520
3790236706373632
3790236706471936
3790236706578432
3790236706750464
3790236706856960
3790236706963456
3790236707061760
3790236707151872
3790236707250176
3790236707348480
3790236707438592
3790236707536896
3790236707659776
3790236707758080
3790236707864576
3790236707954688
3790236708052992
3790236708151296
3790236708265984
3790236708364288
3790236708511744
3790236708618240
3790236708716544
3790236708864000
3790236708954112
3790236709052416
3790236709150720
3790236709249024
3790236709347328
3790236709445632
3790236709535744
3790236709765120
3790236709871616
3790236709969920
3790236710068224
3790240218767360
3790240218955776
3790240219054080
3790240219144192
3790240219529216
3790240219709440
3790240219807744
3790240219897856
3790240220258304
3790240220348416
3790240220446720
3790240220561408
3790240220659712
3790240220848128
3790240221102080
3790240221200384
3790240221585408
3790240221683712
3790240221782016
3790240221970432
3790240222158848
3790284028477440
3790284028641280
3790284028739584
3790284028829696
3790284028928000
3790284029026304
3790284029124608
3790284029214720
3790284029313024
3790284029403136
3790284029493248
3790284029591552
3790284029681664
3790284029788160
3790284029878272
3790284029976576
3790284030066688
3790284030164992
3790284030263296
3790284030353408
3790284030451712
3790284030541824
3790284030648320
3790284030738432
3790284030844928
3790284030935040
3790284031025152
3790284031123456
3790284031213568
3790284031303680
3790284031410176
3790284031500288
3790284031598592
3790284031787008
3790284032016384
3790284032114688
3790284032212992
3790334152048640
3790334152146944
3790334152237056
3790334152335360
3790334152523776
3790334152720384
3790334153113600
3790334153539584
3790334153629696
3790334153736192
3790334153826304
3790334153924608
3790334154391552
3790334154489856
3790334154579968
3790334154670080
3790334155333632
3790334155530240
3790351975047168
3790351975342080
3790351975579648
3790351975694336
3790351975800832
3790351976013824
3790351976153088
3790351976275968
3790351976415232
3790351976603648
3790351976710144
3790351976833024
3790351976972288
3790351977070592
3790351977168896
3790351977291776
3790351977390080
3790351977496576
3790351977603072
3790351977701376
3790351977799680
3790351977897984
3790351977996288
3790351978094592
3790351978307584
3790351978422272
3790351978545152
3790351978651648
3790351978749952
3790351978856448
3790351978954752
3790351979053056
3790351979151360
3790351979249664
3790351979347968
3790351979446272
3790351979651072
3790351979757568
3790351979954176
3790351980052480
3790351980150784
3790351980257280
3790351980355584
3790351980453888
3790506515210240
3790506515505152
3790506515718144
3790506516537344
3790506517151744
3790506517880832
3790506519158784
3790506520215552
3790506522001408
3790506523049984
3790506523361280
3790506523566080
3790506523992064
3790506524090368
3790506524196864
3790506524524544
3790560340230144
3790560340402176
3790560340795392
3790560341778432
3790893080838144
3790893081001984
3790893081862144
3790959664922624
3790959665061888
3790959665152000
3790959665258496
3790959665364992
3790959665463296
3790959665553408
3790959665668096
3790959666176000
3790959666274304
3790959666610176
3790959666708480
3790959667503104
3790959668084736
3790959668183040
3791608524922880
3791608525029376
3791608525144064
3791608525242368
3791608525348864
3791608525447168
3791608525643776
3791608525733888
3791608525832192
3791608525930496
3791608526241792
3791608526446592
3791608527241216
3791608527634432
3791608527740928
3791608527839232
3791608528035840
3791608528338944
3791608528445440
3791608528543744
3791608528928768
3791608529223680
3791608529412096
3791608529739776
3791608530051072
3791608530149376
3791608530247680
3791608530337792
3791608530534400
3791608530632704
3791608530731008
3791608531017728
3791608531836928
3791608532230144
3791608532328448
3791608532418560
3791608532533248
3791608532631552
3791608532844544
3791608533090304
3791608533606400
3791608533917696
3791608534900736
3791608534999040
3791608535203840
3791608535613440
3791608535711744
3791608535810048
3791608536014848
3791608536113152
3791608536612864
3791608536727552
3791608536834048
3791622640345088
3791622640476160
3791622640574464
3791622640672768
3791622640771072
3791622641442816
3791622641827840
3791622641926144
3791622642122752
3791622642712576
3791622643007488
3791622643195904
3791622643294208
3791622643392512
3791622643490816
3791622643589120
3791762082193408
3791762082357248
3791762082463744
3791762082594816
3791762082881536
3791762083069952
3791762083168256
3791762083356672
3791762083545088
3791762083643392
3791762729533440
3791762730491904
3791832077008896
3791846187991040
3791846188359680
3791846188457984
3791846189056000
3791846189244416
3791846189334528
3791846189572096
3791846190858240
3791846191824896
3791881147269120
3791881147441152
3791881147539456
3791881147629568
3791881147727872
3791881148137472
3791881148325888
3791881148514304
3791885471440896
3791885471670272
3791885471768576
3791885471858688
3791885471956992
3791885472047104
3791885472153600
3791900365021184
3791900365185024
3791900365307904
3791900365406208
3791900365504512
3791900365602816
3791900365701120
3791900365799424
3791900365897728
3791900366004224
3791900366102528
3791900366217216
3791900366315520
3791900366413824
3791900366512128
3791900366618624
3791900366725120
3791900366823424
3791900366921728
3791900367020032
3791900367118336
3791900367216640
3791900367314944
3791900367413248
3791900367511552
3791900367618048
3791900367716352
3791900367814656
3791900367912960
3791900368011264
3791900368109568
3791900368207872
3791900368314368
3791900368412672
3791900368502784
3792007344111616
3792007344291840
3792007345332224
3792007346085888
3792007346266112
3792007346446336
3792007347011584
3792312718508032
3792312718729216
3792312719015936
3792312719212544
3792312719302656
3792312719392768
3792312719581184
3792312719671296
3792312719769600
3792312719859712
3792312719958016
3792312720048128
3792312720146432
3792312720244736
3792312720334848
3792312720433152
3792312720900096
3792312721088512
3792312721268736
3792312721735680
3792336699138048
3792336699400192
3792336699498496
3792336699686912
3792336699777024
3792336699867136
3792336699965440
3792336700063744
3792336700153856
3792336700342272
3792336700530688
3792336700727296
3792336700817408
3792336700915712
3792336701022208
3792336701317120
3792336702169088
3792336702357504
3792336702537728
3792630315352064
3794100975845376
3794100976132096
3794100976222208
3794100976738304
3794100977016832
3794100977221632
3794100977598464
3794100977688576
3795425220059136
3795425220198400
3795425220313088
3795425220411392
3795425220509696
3795425220599808
3795425220698112
3795425220796416
3795425220886528
3795425220984832
3795425221083136
3795425221173248
3795425221271552
3795425221361664
3795425221459968
3795425221558272
3795425221648384
3795425221746688
3795425221844992
3795425221943296
3795425222131712
3795425222230016
3795425222328320
3795425222426624
3795425222516736
3795425222615040
3795425222705152
3795425222803456
3795425222893568
3795425222991872
3795425223081984
3795425223180288
3795425223270400
3795425223368704
3795425223458816
3795425223557120
3795432891244544
3795432891432960
3795432891531264
3795432891621376
3795432891719680
3795432891908096
3795432892096512
3795432892284928
3795432892563456
3795432892841984
3795432893128704
3795432893227008
3795432893505536
3795432893800448
3795432893915136
3795432894103552
3795432894193664
3795432894291968
3795433964535808
3795433964707840
3795433965076480
3795433965182976
3795433965281280
3795433965379584
3795433965486080
3795433965584384
3795433965977600
3795433966075904
3795433966174208
3795433966272512
3795433966362624
3795433966673920
3795433966772224
3795433967616000
3795433967812608
3795433968001024
3795433968099328
3795433968197632
3795433968295936
3795433968689152
3795433968787456
3795445290360832
3795445290516480
3795445290614784
3795445290704896
3795445290795008
3795445290893312
3795445290983424
3795445291081728
3795445291180032
3795445291286528
3795445291376640
3795445291474944
3795445291565056
3795445291663360
3795445291753472
3795445291859968
3795445291966464
3795445292056576
3795445292154880
3795445292244992
3795445292335104
3795445292425216
3795445292523520
3795445292613632
3795445292703744
3795445292793856
3795445292883968
3795445292982272
3795445293072384
3795445293170688
3795445293260800
3795445293359104
3795445293449216
3795445293539328
3795445293629440
3795445293727744
3795445293817856
3795445293907968
3795450372153344
3795450372349952
3795450372481024
3795450372579328
3795450372677632
3795450372775936
3795450372874240
3795450372972544
3795450373070848
3795450373169152
3795450373259264
3795450373357568
3795450373455872
3795450373545984
3795450373644288
3795450373734400
3795450373832704
3795450373939200
3795450374037504
3795450374127616
3795450374225920
3795450374316032
3795450374414336
3795450374504448
3795450374610944
3795450374709248
3795450374799360
3795450374897664
3795450374987776
3795450375086080
3795450375184384
3795450375274496
3795450375372800
3795450375462912
3795450375561216
3795450375651328
3795457381842944
3795457381974016
3795457382064128
3795457382162432
3795457382260736
3795457382350848
3795457382440960
3795457382539264
3795457382629376
3795457382719488
3795457382817792
3795457382907904
3795457383006208
3795457383096320
3795457383194624
3795457383284736
3795457383374848
3795457383563264
3795457383653376
3795457383751680
3795457383841792
3795457383940096
3795457384030208
3795457384128512
3795457384308736
3795457384407040
3795457384497152
3795457384865792
3795457385144320
3796060052676608
3796060052815872
3796060053200896
3796060053307392
3796060053602304
3796060053889024
3796060053987328
3796060054077440
3796060054167552
3796060054265856
3796060054364160
3796060054847488
3796060055134208
3796060055224320
3796060055699456
3796060731629568
3796060731760640
3796060731867136
3796060731965440
3796060732162048
3796060732268544
3796060732375040
3796060732547072
3796060732637184
3796060732760064
3796060732858368
3796060732964864
3796060733063168
3796060733153280
3796060733259776
3796060733358080
3796060733448192
3796060733571072
3796060733669376
3796060733784064
3796060733882368
3796060733997056
3796060734095360
3796060734193664
3796060734291968
3796060734406656
3796060734504960
3796060734611456
3796060734709760
3796060734816256
3796060734906368
3796060735004672
3796060735102976
3796060735193088
3796060735299584
3796071621787648
3796071621926912
3796071622025216
3796071622123520
3796071622230016
3796071622336512
3796071622434816
3796071622533120
3796071622647808
3796071622754304
3796071622852608
3796071622967296
3796071623393280
3796071623491584
3796071623606272
3796071623729152
3796071623843840
3796071623974912
3796071624073216
3796071624196096
3796071624687616
3796071624974336
3796074492911616
3796074493059072
3796074493157376
3796074493362176
3796074493460480
3796074493558784
3796074493657088
3796074493796352
3796074493927424
3796074494025728
3796074494124032
3796074494214144
3796074494320640
3796074494418944
3796074494509056
3796074494607360
3796074494705664
3796074494910464
3796074495008768
3796074495098880
3796074495197184
3796074495295488
3796074495688704
3796074495778816
3796074495877120
3796074496065536
3796074496163840
3796074496262144
3796074496352256
3796074496450560
3796084281720832
3796084281851904
3796084282261504
3796084282368000
3796084282466304
3796084282572800
3796084282671104
3796084282859520
3796084283047936
3796084283154432
3796084283244544
3796084283359232
3796084283457536
3796084283555840
3796084283744256
3796084283867136
3796084283965440
3796084284055552
3796084284784640
3796084284964864
3796098541502464
3796098541666304
3796098541764608
3796098541854720
3796098541953024
3796098542051328
3796098542149632
3796098542239744
3796098542338048
3796098542428160
3796098542526464
3796098542641152
3796098542739456
3796098542829568
3796098542927872
3796098543017984
3796098543116288
3796098543296512
3796098543394816
3796098543493120
3796098544041984
3796098544132096
3796098544435200
3796098544525312
3796098544615424
3796098544820224
3796098545000448
3796098545090560
3796179616899072
3796179617030144
3796179617128448
3796179617226752
3796179617325056
3796179617423360
3796179617521664
3796179617619968
3796179617718272
3796179617816576
3796179617914880
3796179618021376
3796179618119680
3796179618217984
3796179618316288
3796179618422784
3796179618521088
3796179618619392
3796179618742272
3796179618832384
3796179618930688
3796179619028992
3796179619135488
3796179619233792
3796179619332096
3796179619430400
3796179619528704
3796179619635200
3796179619733504
3796179619831808
3796179619930112
3796179620020224
3796179620118528
3796179620216832
3796179620315136
3796179620405248
3796197384290304
3796197384421376
3796197384519680
3796197384716288
3796197384806400
3796197384896512
3796197384994816
3796197385084928
3796197385183232
3796197385273344
3796197385371648
3796197385658368
3796197386690560
3796197386788864
3796197386878976
3796197387165696
3796197387264000
3796197387354112